#Группы по вложенности стен

wall 0 0 40 450
wall 0 0 1200 80
wall 0 550 40 450
wall 0 860 1200 140
wall 1160 0 40 450
wall 1160 550 40 450

unit 100 100 25 50 2 100 1 100 100 100 150 150 150 150 100
unit 100 800 25 50 2 100 1 100 800 100 750 150 750 150 800
unit 1100 100 25 50 2 100 4 1000 800 1100 800 1100 100 1000 100

wall 190 190 300 20
wall 190 190 20 550
wall 670 190 300 20
wall 970 190 20 550
wall 190 740 800 20

unit 300 670 25 50 2 100 1 300 670 300 660 850 660 850 670

wall 340 340 490 20
wall 340 340 20 300
wall 830 340 20 300
wall 340 640 200 20
wall 650 640 200 20

wall 450 450 20 100
wall 450 550 270 20
wall 700 450 20 100

unit 470 470 25 50 2 100 1 470 470 680 470 680 500 470 500

