wall 0 0 40 450
wall 0 0 1200 80
wall 0 550 40 450
wall 0 860 1200 140
wall 1160 0 40 450
wall 1160 550 40 450

wall 150 700 900 20
wall 250 600 1100 20
wall 150 500 800 20
wall 250 400 800 20
wall 150 300 800 20
wall 250 200 800 20

wall 150 0 20 720
wall 1050 200 20 400

unit 70 100 25 50 2 100 1 70 100 70 150 120 150 120 100
unit 1100 800 25 50 2 100 1 1100 800 1100 650
unit 400 550 25 50 2 100 1 400 550 900 550
unit 900 250 25 50 2 100 2 400 250 900 250

unit 400 80 25 50 3 100 1 400 80 900 80
unit 900 150 25 50 3 100 2 400 150 900 150