wall 0 0 40 450
wall -1 0 1 1000
wall 0 0 1200 80
wall 0 550 40 450
wall 0 860 1200 140
wall 1160 0 40 450
wall 1160 550 40 450

wall 150 700 900 20
wall 250 600 1100 20
wall 150 500 800 20
wall 250 400 800 20
wall 150 300 800 20
wall 250 200 800 20

wall 150 0 20 720
wall 1050 200 20 400

unit 70 100 25 50 2 100 1 70 100 70 150 120 150 120 100
unit 1100 800 25 50 2 100 1 1100 800 1100 650
unit 400 550 25 50 2 100 1 400 550 900 550
unit 900 250 25 50 2 100 2 400 250 900 250

unit 400 80 25 50 3 100 1 400 80 900 80
unit 900 150 25 50 3 100 2 400 150 900 150

#Атечка
heal 700 650 50 50
heal 200 400 50 50

#Кактус
cactus 90 470 33 40
cactus 150 820 33 40
cactus 300 730 33 40
cactus 450 820 33 40
cactus 600 730 33 40
cactus 750 820 33 40
cactus 900 730 33 40

cactus 950 150 33 40
cactus 250 90 33 40